1
3
11
15
25
28
30
32
34
36
44
45
46
47
50
51
53
59
68
70
71
81
84
88
93
100
107
119
122
123
129
130
134
144
147
150
152
154
155
156
161
168
178
181
183
185
186
188
193
197
199
201
202
203
204
216
219
220
224
226
228
232
234
236
237
242
243
248
252
255
257
258
263
266
267
271
272
273
278
280
281
283
284
288
291
295
296
297
298
304
308
309
315
317
326
337
356
357
358
359
361
365
370
374
380
385
390
391
392
396
398
399
400
405
406
410
412
425
430
431
443
451
456
458
459
462
465
470
471
480
482
483
495
496
497
500
504
505
508
509
510
511
515
516
522
524
525
528
529
533
534
536
543
546
548
550
551
555
556
560
561
570
572
574
575
577
579
580
581
582
594
595
596
601
603
604
605
614
618
619
620
622
626
628
634
637
638
640
643
645
649
651
655
658
659
660
662
668
673
674
676
681
688
692
694
701
703
711
714
715
716
717
725
729
732
733
734
739
746
749
751
755
757
758
759
770
777
778
782
783
787
789
799
804
809
810
816
818
819
820
824
827
828
830
831
833
836
839
844
845
847
848
852
857
859
862
863
867
871
873
875
876
878
879
882
883
885
887
891
898
904
911
914
915
916
921
923
924
926
930
931
932
937
941
945
947
950
952
954
957
960
961
963
969
970
972
979
981
982
984
990
993
996
997
1007
1010
1011
1015
1016
1017
1021
1022
1023
1027
1032
1040
1052
1055
1058
1060
1061
1062
1064
1066
1068
1072
1083
1092
1097
1103
1108
1110
1111
1112
1117
1119
1129
1132
1146
1148
1152
1153
1163
1164
1175
1178
1179
1184
1190
1191
1192
1194
1195
1196
1198
1199
1200
1204
1210
1211
1216
1219
1220
1226
1227
1230
1234
1235
1237
1238
1247
1249
1253
1254
1255
1256
1259
1261
1269
1270
1273
1276
1277
1279
1280
1281
1282
1290
1292
1293
1295
1296
1298
1305
1309
1317
1319
1322
1323
1329
1331
1334
1336
1338
1340
1347
1350
1352
1353
1359
1361
1368
1370
1372
1377
1378
1381
1389
1392
1393
1394
1397
1399
1406
1407
1411
1412
1416
1421
1424
1426
1430
1433
1438
1439
1442
1444
1448
1450
1451
1453
1455
1456
1457
1459
1461
1464
1478
1480
1482
1483
1485
1489
1494
1495
1504
1506
1508
1514
1516
1524
1527
1528
1530
1532
1533
1534
1536
1546
1549
1554
1561
1564
1570
1576
1580
1581
1582
1587
1591
1593
1596
1597
1604
1605
1606
1607
1611
1613
1621
1623
1638
1639
1640
1642
1646
1647
1648
1657
1658
1660
1666
1671
1675
1690
1696
1698
1699
1708
1714
1715
1718
1719
1727
1728
1729
1735
1737
1738
1739
1740
1745
1747
1751
1757
1758
1761
1765
1768
1770
1772
1777
1782
1783
1789
1793
1796
1799
1802
1814
1818
1819
1823
1827
1834
1837
1844
1846
1853
1857
1858
1859
1861
1865
1867
1870
1871
1874
1877
1878
1880
1884
1886
1892
1894
1897
1898
1910
1911
1921
1924
1925
1927
1928
1929
1937
1938
1940
1941
1942
1946
1949
1951
1953
1954
1956
1964
1967
1972
1978
1984
1985
1986
1987
1988
1991
1993
1996
1999
2008
2011
2013
2014
2018
2020
2022
2025
2032
2034
2036
2040
2043
2052
2053
2054
2056
2070
2071
2072
2076
2077
2080
2081
2082
2084
2085
2087
2089
2090
2094
2096
2098
2103
2104
2105
2106
2108
2109
2116
2117
2125
2126
2131
2132
2135
2136
2139
2141
2144
2145
2146
2147
2159
2163
2164
2165
2167
2169
2172
2173
2184
2187
2188
2191
2195
2198
2203
2207
2208
2209
2210
2214
2215
2217
2220
2222
2226
2230
2232
2236
2243
2246
2248
2249
2251
2256
2269
2270
2273
2275
2282
2286
2288
2300
2301
2310
2311
2314
2317
2318
2322
2331
2333
2339
2350
2354
2358
2364
2365
2366
2370
2372
2375
2376
2378
2379
2382
2384
2387
2390
2391
2392
2393
2394
2405
2409
2414
2416
2420
2424
2426
2430
2431
2437
2439
2442
2445
2449
2451
2452
2455
2456
2458
2459
2461
2464
2470
2471
2474
2484
2491
2492
2494
2497
2498
2499
2500
2502
2504
2507
2511
2518
2521
2522
2524
2525
2526
2528
2532
2534
2535
2536
2540
2542
2545
2547
2549
2550
2554
2559
2563
2565
2569
2572
2574
2576
2577
2581
2583
2585
2595
2608
2609
2612
2617
2621
2623
2624
2626
2630
2631
2632
2636
2637
2640
2641
2642
2646
2648
2652
2654
2661
2665
2668
2673
2677
2686
2690
2691
2700
2707
2708
2714
2715
2716
2718
2723
2733
2734
2737
2738
2747
2749
2753
2764
2772
2774
2780
2796
2797
2798
2801
2803
2805
2806
2813
2817
2819
2820
2826
2827
2830
2833
2834
2835
2838
2840
2848
2850
2858
2862
2866
2869
2871
2875
2876
2877
2886
2887
2889
2890
2893
2895
2899
2902
2906
2907
2911
2917
2918
2921
2924
2925
2932
2934
2937
2942
2949
2951
2953
2956
2958
2960
2962
2964
2975
2978
2979
2981
2986
2987
2994
3001
3006
3007
3008
3011
3016
3017
3022
3024
3025
3032
3058
3059
3061
3063
3065
3072
3073
3074
3075
3088
3089
3092
3094
3096
3102
3103
3105
3107
3115
3116
3123
3124
3125
3126
3131
3132
3133
3135
3140
3142
3144
3145
3151
3154
3164
3165
3169
3171
3172
3177
3178
3179
3183
3188
3193
3195
3202
3203
3204
3206
3208
3210
3211
3215
3216
3218
3221
3222
3227
3228
3229
3232
3240
3241
3249
3250
3252
3258
3259
3262
3265
3267
3275
3276
3283
3286
3290
3296
3306
3307
3309
3311
3314
3317
3318
3319
3321
3322
3323
3324
3326
3327
3329
3331
3334
3336
3338
3340
3344
3345
3350
3355
3356
3361
3363
3368
3372
3373
3378
3379
3380
3389
3390
3392
3396
3401
3408
3412
3415
3417
3418
3422
3423
3425
3430
3431
3432
3433
3435
3436
3438
3444
3448
3459
3462
3463
3465
3470
3471
3474
3476
3479
3488
3489
3491
3494
3500
3502
3503
3509
3511
3512
3514
3518
3522
3523
3527
3528
3533
3536
3539
3545
3546
3551
3552
3554
3555
3556
3557
3559
3568
3570
3577
3578
3585
3587
3589
3590
3592
3595
3600
3604
3605
3610
3615
3616
3618
3621
3623
3624
3628
3630
3635
3644
3647
3649
3654
3657
3659
3662
3664
3668
3671
3672
3674
3678
3681
3682
3690
3693
3697
3700
3702
3703
3705
3707
3713
3714
3715
3717
3719
3723
3735
3737
3738
3741
3750
3751
3754
3757
3763
3764
3769
3770
3772
3773
3775
3778
3779
3783
3788
3794
3797
3798
3799
3802
3805
3806
3809
3810
3811
3813
3817
3820
3821
3822
3823
3828
3829
3830
3836
3837
3851
3852
3855
3856
3857
3858
3860
3863
3865
3866
3869
3873
3875
3877
3878
3879
3883
3886
3887
3889
3892
3893
3897
3898
3918
3919
3920
3922
3928
3929
3930
3934
3936
3937
3939
3945
3946
3950
3953
3956
3960
3963
3964
3972
3976
3979
3980
3982
3984
3990
3991
3995
3996
3999
4001
4004
4005
4006
4012
4013
4017
4018
4022
4023
4026
4027
4028
4030
4032
4036
4038
4039
4045
4049
4051
4052
4055
4056
4057
4059
4063
4064
4074
4077
4086
4094
4101
4104
4106
4109
4111
4113
4116
4120
4122
4123
4124
4126
4130
4135
4136
4138
4139
4143
4146
4153
4157
4162
4167
4169
4172
4178
4181
4187
4189
4191
4201
4204
4211
4216
4219
4220
4224
4228
4229
4231
4234
4236
4237
4241
4242
4244
4246
4247
4253
4254
4260
4261
4263
4264
4270
4271
4272
4273
4276
4284
4288
4292
4295
4296
4298
4306
4308
4312
4313
4317
4322
4327
4333
4337
4338
4339
4350
4352
4358
4362
4364
4365
4366
4374
4375
4378
4379
4382
4384
4388
4391
4396
4404
4408
4409
4412
4414
4422
4428
4431
4435
4437
4443
4445
4446
4448
4451
4456
4458
4459
4462
4469
4470
4471
4480
4484
4491
4496
4500
4502
4505
4508
4512
4518
4519
4528
4529
4537
4538
4539
4541
4542
4548
4550
4552
4555
4563
4564
4566
4567
4568
4571
4572
4574
4575
4577
4583
4584
4589
4590
4594
4600
4601
4603
4608
4611
4619
4621
4622
4623
4624
4625
4629
4630
4641
4642
4648
4649
4659
4663
4668
4672
4673
4674
4683
4686
4694
4701
4708
4710
4711
4718
4719
4728
4730
4732
4733
4735
4736
4741
4742
4746
4747
4751
4758
4765
4769
4771
4772
4773
4775
4776
4777
4780
4784
4789
4793
4794
4797
4798
4802
4803
4804
4807
4810
4814
4818
4820
4825
4826
4827
4834
4835
4837
4838
4842
4846
4859
4865
4868
4878
4879
4884
4887
4888
4890
4892
4899
4901
4905
4906
4908
4910
4913
4914
4915
4916
4918
4921
4927
4928
4930
4931
4936
4937
4940
4944
4951
4953
4958
4964
4967
4968
4970
4981
4983
4989
4996
4998
5001
5004
5007
5010
5013
5014
5015
5016
5022
5023
5026
5027
5029
5033
5034
5037
5042
5043
5047
5053
5055
5061
5065
5067
5068
5071
5077
5079
5080
5081
5085
5087
5093
5094
5095
5100
5102
5104
5105
5106
5108
5110
5113
5116
5120
5124
5130
5132
5144
5145
5146
5160
5162
5164
5167
5179
5183
5184
5185
5187
5190
5191
5197
5200
5214
5216
5221
5225
5228
5229
5231
5234
5235
5236
5238
5241
5242
5245
5248
5249
5253
5254
5258
5267
5269
5275
5276
5281
5286
5287
5288
5289
5295
5297
5307
5308
5323
5328
5338
5341
5344
5349
5354
5355
5358
5367
5368
5374
5375
5376
5377
5379
5380
5382
5395
5396
5401
5404
5407
5408
5409
5415
5418
5421
5425
5427
5428
5430
5432
5436
5438
5445
5451
5454
5456
5457
5459
5462
5469
5471
5476
5478
5480
5481
5486
5488
5492
5493
5495
5501
5502
5506
5511
5516
5525
5526
5528
5529
5534
5540
5548
5551
5553
5559
5565
5566
5572
5575
5578
5586
5590
5604
5607
5608
5611
5614
5615
5618
5622
5629
5631
5635
5638
5639
5641
5642
5644
5648
5649
5650
5652
5659
5660
5667
5668
5669
5676
5677
5678
5680
5681
5685
5691
5692
5695
5697
5698
5704
5709
5710
5711
5713
5715
5716
5717
5718
5720
5737
5739
5740
5742
5744
5749
5752
5753
5757
5758
5759
5761
5762
5764
5766
5772
5773
5775
5776
5777
5778
5779
5781
5782
5784
5785
5786
5787
5788
5791
5795
5796
5800
5803
5805
5811
5812
5815
5821
5829
5831
5834
5839
5842
5848
5849
5855
5856
5860
5867
5869
5871
5873
5877
5879
5886
5891
5894
5898
5907
5913
5919
5922
5931
5934
5936
5939
5948
5949
5950
5952
5953
5954
5958
5962
5964
5970
5975
5981
5985
5988
5989
5990
5993
5995
5998
5999
6007
6010
6011
6012
6013
6017
6018
6019
6031
6033
6038
6040
6046
6049
6050
6052
6055
6056
6059
6063
6072
6073
6075
6076
6077
6078
6088
6094
6097
6098
6099
6103
6104
6105
6115
6117
6118
6120
6122
6125
6127
6138
6143
6144
6148
6149
6150
6154
6164
6170
6173
6175
6177
6178
6183
6184
6190
6191
6196
6198
6200
6201
6203
6209
6211
6215
6218
6221
6223
6225
6226
6227
6232
6234
6235
6236
6237
6240
6244
6262
6288
6295
6297
6299
6301
6302
6305
6306
6315
6318
6320
6327
6328
6330
6336
6337
6343
6347
6353
6355
6361
6363
6370
6372
6380
6381
6382
6386
6391
6395
6404
6409
6416
6424
6432
6434
6438
6439
6442
6443
6444
6445
6446
6448
6462
6464
6473
6479
6480
6481
6485
6488
6491
6493
6496
6508
6509
6511
6512
6513
6517
6519
6522
6523
6524
6528
6529
6538
6540
6548
6552
6563
6567
6569
6573
6576
6578
6579
6582
6586
6588
6591
6593
6596
6597
6602
6603
6604
6605
6613
6614
6616
6619
6620
6621
6628
6629
6631
6632
6633
6636
6637
6643
6645
6648
6650
6657
6658
6662
6668
6674
6681
6682
6686
6693
6700
6701
6713
6714
6720
6721
6727
6731
6736
6737
6741
6742
6749
6750
6754
6759
6763
6772
6776
6779
6784
6785
6787
6789
6790
6791
6794
6799
6801
6811
6816
6822
6823
6829
6832
6836
6842
6848
6852
6853
6855
6856
6858
6859
6861
6864
6870
6871
6873
6874
6877
6878
6879
6880
6882
6884
6885
6887
6889
6890
6894
6895
6896
6898
6902
6903
6904
6905
6906
6912
6913
6918
6920
6922
6925
6927
6931
6936
6937
6939
6941
6942
6945
6946
6950
6952
6953
6956
6964
6966
6973
6976
6978
6984
6993
6996
6999
7000
7002
7006
7009
7010
7013
7016
7023
7031
7036
7040
7045
7049
7054
7058
7059
7061
7065
7067
7068
7069
7074
7082
7086
7093
7094
7099
7100
7101
7107
7108
7113
7124
7127
7130
7131
7132
7133
7134
7138
7139
7141
7142
7147
7149
7154
7159
7162
7167
7174
7180
7181
7186
7192
7193
7199
7200
7205
7212
7216
7217
7221
7224
7226
7227
7228
7233
7236
7241
7244
7250
7251
7253
7255
7257
7259
7261
7263
7264
7275
7276
7277
7285
7286
7287
7290
7293
7295
7298
7304
7305
7311
7314
7321
7322
7325
7335
7340
7341
7342
7345
7348
7351
7354
7367
7369
7370
7380
7382
7383
7384
7387
7388
7390
7391
7394
7396
7399
7400
7403
7409
7412
7413
7414
7417
7419
7420
7426
7433
7435
7446
7447
7451
7454
7455
7461
7462
7463
7464
7473
7477
7478
7480
7482
7486
7487
7490
7501
7506
7508
7514
7516
7520
7521
7523
7525
7531
7533
7534
7537
7538
7543
7546
7547
7548
7549
7550
7553
7554
7558
7563
7566
7568
7572
7573
7575
7576
7583
7591
7610
7613
7614
7619
7624
7634
7635
7636
7640
7642
7646
7647
7650
7654
7658
7659
7666
7667
7669
7675
7692
7695
7696
7698
7701
7704
7712
7714
7726
7731
7735
7737
7748
7750
7753
7760
7761
7770
7776
7777
7778
7780
7781
7789
7791
7793
7798
7806
7813
7814
7817
7818
7819
7823
7827
7832
7835
7839
7841
7844
7848
7849
7850
7851
7852
7855
7859
7861
7863
7869
7880
7881
7886
7891
7897
7898
7900
7903
7905
7906
7907
7912
7930
7933
7935
7936
7938
7939
7940
7943
7944
7951
7952
7958
7960
7963
7965
7968
7977
7981
7989
7990
7994
7996
8000
8004
8011
8013
8015
8017
8019
8026
8027
8030
8033
8034
8038
8040
8043
8044
8047
8052
8054
8059
8062
8065
8077
8078
8088
8089
8090
8101
8102
8105
8116
8121
8125
8126
8128
8131
8132
8135
8136
8138
8139
8153
8165
8170
8175
8195
8203
8205
8206
8210
8213
8216
8218
8219
8222
8223
8225
8227
8230
8232
8233
8234
8236
8239
8245
8246
8247
8249
8255
8257
8258
8259
8260
8264
8272
8274
8275
8283
8284
8293
8297
8303
8307
8309
8314
8315
8319
8320
8324
8333
8335
8336
8343
8354
8356
8362
8372
8373
8374
8377
8380
8381
8382
8383
8385
8387
8390
8394
8396
8398
8400
8402
8409
8412
8418
8420
8421
8422
8424
8430
8433
8439
8442
8443
8446
8447
8448
8449
8450
8454
8455
8457
8462
8463
8470
8472
8479
8482
8484
8490
8499
8500
8501
8508
8513
8517
8518
8520
8522
8523
8526
8528
8529
8533
8537
8542
8546
8549
8553
8557
8558
8560
8563
8568
8570
8571
8575
8581
8585
8586
8589
8590
8592
8595
8598
8604
8606
8618
8619
8620
8621
8622
8623
8624
8628
8629
8636
8649
8652
8653
8659
8660
8661
8662
8666
8669
8672
8675
8681
8684
8692
8697
8699
8701
8709
8712
8714
8716
8718
8720
8723
8725
8729
8731
8733
8734
8735
8736
8753
8755
8756
8757
8760
8762
8775
8778
8784
8789
8791
8799
8800
8801
8803
8805
8807
8817
8818
8826
8827
8829
8841
8846
8847
8848
8849
8856
8857
8858
8859
8865
8867
8874
8878
8884
8885
8890
8891
8894
8900
8901
8902
8906
8908
8910
8911
8913
8914
8915
8917
8925
8933
8935
8938
8941
8947
8948
8949
8950
8957
8958
8964
8972
8976
8980
8987
8989
8993
8999
9000
9002
9017
9020
9029
9033
9036
9037
9038
9040
9041
9043
9048
9050
9051
9054
9055
9056
9057
9059
9060
9062
9070
9071
9077
9078
9081
9088
9089
9098
9099
9103
9104
9105
9108
9110
9111
9119
9121
9127
9130
9131
9134
9135
9136
9139
9140
9144
9146
9147
9154
9160
9163
9168
9171
9172
9174
9180
9185
9191
9199
9201
9210
9211
9213
9215
9216
9218
9224
9231
9233
9234
9236
9237
9239
9244
9246
9248
9249
9255
9261
9267
9270
9273
9279
9280
9281
9284
9286
9288
9289
9292
9297
9301
9311
9314
9316
9324
9326
9330
9334
9335
9337
9338
9339
9341
9342
9344
9345
9354
9356
9360
9363
9364
9365
9371
9372
9373
9375
9380
9381
9382
9385
9386
9387
9393
9395
9397
9401
9407
9410
9411
9414
9417
9420
9421
9422
9423
9427
9432
9439
9443
9444
9447
9450
9460
9461
9464
9466
9467
9468
9470
9473
9479
9480
9482
9483
9484
9494
9495
9496
9501
9502
9503
9505
9507
9508
9509
9512
9520
9526
9528
9537
9541
9542
9548
9550
9562
9564
9566
9567
9569
9570
9576
9577
9582
9585
9590
9593
9597
9605
9606
9607
9608
9609
9612
9613
9615
9616
9617
9625
9626
9627
9635
9638
9644
9645
9647
9652
9655
9661
9666
9668
9670
9671
9673
9675
9680
9689
9690
9696
9702
9710
9713
9714
9715
9719
9721
9732
9734
9740
9741
9742
9745
9746
9753
9754
9763
9764
9771
9772
9776
9782
9784
9786
9788
9791
9795
9800
9802
9803
9804
9806
9809
9812
9813
9815
9824
9834
9836
9841
9842
9843
9849
9857
9858
9862
9864
9867
9868
9870
9872
9878
9886
9892
9903
9904
9908
9914
9915
9916
9920
9938
9946
9947
9949
9950
9957
9962
9964
9969
9970
9972
9974
9976
9978
9980
9981
9985
9990
9994
9995
9996