8274
9616
3657
5001
3463
4237
7750
6896
5407
516
3164
5638
3063
4746
8499
926
9244
9201
203
3869
5849
7624
5438
595
3195
3693
4719
733
3735
7094
3514
3096
8372
4364
1546
1570
8917
5607
1455
5949
8522
3252
3471
3707
5488
5079
5007
4458
5516
6952
7533
5529
6105
3336
3512
4686
9509
7547
8315
234
8293
7287
777
5766
7981
6052
4659
5791
2378
2210
6215
8523
4130
1819
9644
6363
662
6602
8136
4366
954
5752
6237
3772
8205
6596
3221
9507
1397
8422
2803
831
5432
1859
4437
7531
1927
757
2034
2455
6870
2640
185
3089
8729
1818
9512
3016
3319
3318
3103
4584
8398
3963
8669
509
7417
3132
7566
2714
9191
9996
8537
3154
867
9081
8307
1334
5094
511
1281
3893
1765
2734
9050
7897
3589
8661
7543
2104
836
3006
7514
6569
1068
5013
7591
9234
5471
3545
3939
1032
6117
7276
8553
6050
9802
6327
8218
1504
9995
6563
6898
6582
2314
4333
9858
5506
7314
931
4776
3262
3610
7977
789
2054
885
3459
1530
5749
7619
3775
4622
7770
5288
2796
5953
2451
3682
605
770
2500
6579
5428
5631
2108
1270
2673
7226
3345
9233
8121
1727
8430
3059
236
391
2249
1247
5831
3820
430
8629
9339
9334
8699
7990
857
7311
3123
201
1640
232
71
7667
7134
7174
6996
5639
7340
596
1607
2318
6931
8354
6637
1444
5668
3618
5185
3283
1261
7065
8592
5238
9215
8420
5869
9420
7263
4710
3309
59
2461
824
3717
3
3462
3286
2547
7989
1148
2595
9364
6479
3363
5401
5856
2339
9280
5167
879
8047
3556
6149
2043
7958
2921
480
6912
5308
6434
5907
9324
51
8720
326
9980
7127
8259
3372
6686
7293
6548
550
5368
7454
8878
5068
147
3361
1060
5795
9867
8948
32
8891
5085
9812
7133
6442
9211
6347
2220
8805
8884
9168
8560
7487
5190
6120
3937
9104
9702
7462
8757
6700
8245
957
911
4211
5551
4683
3984
3340
4074
556
2978
1092
1924
4769
5349
1580
1200
3798
681
9172
883
9468
3852
1897
5779
4996
4868
2994
8390
1112
2718
9689
6094
4589
8236
8800
7791
5873
6713
7994
6884
2053
4575
3705
5718
2981
1516
5685
6190
7391
1399
4803
3228
3135
3855
6973
4918
6049
614
2621
8439
8621
9564
9627
8333
2937
694
6063
5764
317
2917
4391
6946
7147
5286
2147
258
8230
3945
8297
7054
7960
4451
5786
739
5184
996
1336
5269
7257
9439
1027
263
1611
5919
7419
5952
2136
852
7244
6409
5676
9239
7849
8463
5611
8659
5781
9501
9249
8619
2452
3229
1359
7636
1728
2248
4771
2646
947
8791
9020
2207
8424
1941
7534
3546
5481
4006
3662
9862
1884
2764
5641
4350
7777
4229
4608
8362
2164
5228
4701
3585
1323
7760
5629
9483
3144
5540
7108
3856
1796
533
6874
5842
1210
543
9857
6464
8980
8666
8377
5950
1211
9043
3488
638
1747
5660
9843
2173
4470
5200
1657
4641
3290
3928
2376
4968
5445
8446
1347
3664
7546
4143
7869
1708
9371
5829
8203
9381
1322
528
5669
9972
2214
266
8249
197
4167
7903
9915
5772
863
4028
237
1293
1613
3723
716
8336
1554
9000
2103
3092
9356
8568
5526
9316
6059
5183
5834
5358
3858
3008
4906
3600
2439
9180
3344
2652
3823
2749
5241
8175
7912
6742
9060
3265
8848
68
3960
5061
2246
8433
1867
3065
3649
3491
5877
6633
470
5160
1714
746
9791
9593
3422
9218
5116
7045
1761
7261
7463
1886
7701
2631
7216
3738
9809
8660
1331
1255
7613
7325
1433
7714
6448
5214
6337
1192
7952
2011
1874
4322
3866
6097
5287
6046
2159
7023
278
6218
226
6509
4908
5093
1739
7996
4747
8232
6737
5197
1938
1658
6010
7199
4471
8911
9480
3805
7086
4751
581
3678
1757
8589
5026
3690
2630
8714
969
107
4548
4673
4958
4528
1350
5235
3188
5525
7968
845
50
1021
1898
4899
271
8449
9301
4735
1993
3934
6432
3296
7818
2499
9836
4045
7905
5242
3418
5053
8636
3165
990
9427
8906
8518
5105
6040
7731
9503
9210
8454
8396
9136
9606
4789
1372
4814
8195
8272
8697
4270
5421
93
4736
1758
8421
4550
4264
2275
9279
2022
4711
7850
4242
9804
9520
3368
3240
4296
6144
7951
6832
9613
5436
8027
7341
5998
7940
2526
8102
2975
9297
4777
4930
1153
981
6855
4901
1789
9734
2135
6603
7141
7451
5042
645
2431
2492
4339
891
7835
6749
6175
356
5762
4224
582
5476
2322
6103
8734
3169
4921
1621
945
3430
9270
5023
7016
3794
6297
4135
8874
228
9273
3714
6720
7669
8383
9108
2117
2563
3809
5511
982
2565
1666
3877
6619
9710
6754
1772
8914
9036
8762
5027
1392
2077
6302
7433
4055
7698
6209
2270
4428
1461
3412
2094
2317
5267
2774
6880
9382
6075
1921
3125
8570
7370
714
5225
6632
2960
7093
5409
7409
8222
7642
4802
3350
1929
6741
7082
1393
2131
2105
819
4742
5778
8034
7798
7067
130
783
515
604
904
9541
7554
4846
2835
2372
997
9450
6234
1464
8247
1910
8319
4838
2230
155
3131
7936
7403
594
6522
8938
6779
3061
9111
9985
6895
81
804
8586
3773
3779
4018
6662
3379
8402
8257
5879
655
7298
2661
8216
2366
7400
3267
1249
2165
380
2979
3605
2532
6496
44
119
5430
396
7558
649
283
9842
2813
1892
4253
3222
9567
3058
6012
4810
7100
6674
9372
7572
3802
7322
6657
8709
4106
7113
1254
2498
8803
9444
9479
1940
6055
2987
1494
1011
8604
6485
4064
8590
9482
9248
5081
2866
4623
5784
3435
1834
4017
84
5249
2375
4842
1022
4773
8925
9056
5988
6225
7640
2414
5642
5758
8760
7290
8733
732
8829
7132
7521
2753
8999
6328
5697
5022
9696
4136
7841
8400
2491
7817
6104
9375
3578
2862
9002
8043
4448
5578
297
4298
505
8165
8462
4964
4178
2256
3218
1256
3857
6829
4111
4663
216
1967
3536
1978
1269
5354
1737
5867
979
9609
6211
4765
9638
3007
7455
1459
717
6736
3892
6597
2893
5713
9099
4231
7848
9673
2437
5281
4601
4784
2144
6386
1877
8246
3737
7859
8470
3829
7508
6864
70
1696
2850
2677
620
7345
2648
4204
7131
6731
6858
361
5939
1389
6976
9908
7426
6138
2569
1234
6890
4362
5382
1457
5221
9292
6444
483
622
6727
152
6031
88
3964
122
6591
6480
3074
9110
8255
304
2708
4890
357
9741
8320
2737
3659
8826
4798
6481
659
7367
5566
6941
3836
9950
1361
1581
2393
3022
9395
5715
8549
9411
4825
4915
1381
7217
4583
385
970
3116
2535
4555
7548
4012
7646
5289
4794
5936
9690
6904
406
3886
4412
692
6115
8139
7264
1858
1204
295
6226
1782
5033
1647
6823
1561
2084
4818
7482
3982
921
4951
7107
6861
6714
7255
830
4052
5709
7614
1483
1911
1837
2203
6404
3389
5711
4462
7490
9655
451
7212
7473
9088
7396
6873
8131
7666
651
4374
281
3479
5376
5459
202
6529
5855
2550
15
3126
3216
5559
2456
8859
2624
9360
5744
8628
9354
255
1277
123
7935
2986
2636
3879
7354
4512
4594
7943
3644
878
9714
3107
3647
5785
9675
628
4236
8101
759
8260
2379
4718
8059
7776
3671
3863
3178
4648
5565
4077
3551
2081
2040
6918
5812
6353
291
6462
4892
950
4384
536
3024
9160
4292
7414
7383
5698
7675
2871
2542
2080
1495
9626
1596
7898
4404
2013
7446
4484
5106
7399
551
9461
961
5692
5145
3990
3227
5120
7224
9363
2387
8890
8949
5590
9062
2089
3999
7435
4758
3813
2405
5608
7101
8125
5307
1230
5216
6681
5254
3991
937
6125
658
5757
1238
1606
2502
887
5680
3380
4927
1191
508
6262
4026
9017
5989
186
6184
6902
9464
1010
2300
2632
1377
1951
7852
8052
1072
7241
3275
7906
8817
4642
7832
2528
7335
3390
7192
2890
1456
839
9414
7930
4741
1235
7162
2222
1378
6122
9098
4189
309
871
1178
5029
3946
524
9964
4051
8335
3630
1660
3778
8030
7233
2282
7886
6701
9608
8000
7944
3810
3094
2442
626
5811
9140
1954
2109
6221
8138
8088
4508
8126
2820
5648
1485
1987
2139
7275
5245
7480
398
6178
8972
4146
601
2096
6528
7880
7647
3757
4730
6785
3754
2665
3996
2723
1846
1055
818
3668
9502
1424
876
7634
4365
8418
6523
2932
2497
504
2801
3232
3025
1894
1991
9800
1964
9625
9385
7823
6173
2626
9236
7193
9671
8915
6650
9742
220
8501
7285
9612
2641
9397
3590
9054
6315
3922
8595
5276
7200
5034
2716
5691
9071
1259
8542
5985
8132
6614
8234
3241
358
4056
7891
637
9841
5095
2581
144
9373
1880
1196
4733
1164
4865
9281
9864
546
2875
7036
4352
6920
8913
9380
6512
9550
9562
6177
4032
2585
4263
4375
1799
5995
7938
5839
2623
4049
2817
1699
6942
5102
5080
7525
6183
2534
9868
8964
1309
6620
6905
7159
6223
1
4541
4630
5934
8908
4124
5739
1949
9607
9670
9144
1062
4496
5777
2125
3355
4001
2459
8040
3568
930
751
5234
8394
1591
5275
2471
6017
3489
8284
2511
9946
4625
4113
5415
3436
3523
3378
8026
9740
6999
6604
7031
6236
8517
5821
8778
4793
2445
6056
8662
3329
1956
1996
7863
9978
4916
5502
4835
2827
4220
400
1985
6077
1276
8484
3417
8239
674
9467
9484
1534
5958
5457
2574
11
6355
6978
4254
8827
3616
2350
2747
7635
1352
2906
8801
3623
5047
8380
5964
7068
5635
2311
3751
5796
7009
4038
3470
4928
1453
574
2545
8571
3075
9661
7002
3557
456
2642
6143
924
8013
9566
618
4564
8818
8387
2106
5295
9645
6605
5014
4295
8457
9994
3797
1370
8575
4905
7186
4260
6842
9057
2617
4611
2076
6682
758
3887
3177
6956
6473
1777
5848
5408
6856
1199
6645
9386
7839
1406
1111
9526
9077
3898
3001
3621
1642
5427
7737
4859
6540
6631
6966
7227
1857
8448
1017
9647
2876
9776
496
2833
9570
8409
4672
7704
8718
443
2925
28
1740
3511
4837
4313
46
2365
6887
5615
3306
7553
9666
5164
1878
4621
399
1972
9597
1937
9154
5962
4059
5067
4271
7537
3334
3102
3115
2848
3444
5077
3179
1528
5776
2169
701
3821
5681
2474
8004
9652
3500
4574
6196
1823
4826
6438
3980
7180
9337
8500
1175
1770
5404
3713
2236
8849
6578
4308
9410
1942
284
7461
3307
6295
6927
1793
3715
9745
36
3681
9121
6852
873
2840
8941
9746
9834
7251
5667
2184
7321
1227
833
3032
6588
2215
2962
4772
882
5815
2014
5071
3392
4306
9048
1329
154
7351
3837
9976
9542
7464
9719
6693
9617
8479
6446
5575
3555
4246
9920
3592
2830
5501
2416
2191
6148
8775
8867
1448
3918
7538
8701
3133
5677
1814
2226
6801
4505
9422
560
7501
6885
2889
9947
3072
2608
1132
4241
5258
7384
2370
1296
8044
6877
534
715
9495
2738
2899
9246
8533
374
1450
3865
4624
778
3502
3259
5144
6790
4284
5871
3522
2559
3317
7181
5742
3431
1532
2715
3817
9335
6889
8756
6616
2540
178
5775
3936
3956
4104
4775
8412
2525
2098
9237
8219
6150
914
6013
4552
7813
1698
5187
9288
1317
828
5650
1489
5100
8672
2090
495
5999
7390
6922
3763
6019
3552
9732
5004
8526
9417
3702
4382
7506
2187
7259
7523
1946
9216
6380
3211
916
7549
482
2392
809
2826
3875
2018
3953
4219
8490
1184
1219
7478
7059
1066
3494
156
510
9407
5124
7658
7305
8447
5898
3624
6198
9139
7933
9784
2907
4123
7761
1117
8606
7965
9213
820
1690
6791
7806
3719
7295
3528
6235
2733
2895
9721
3533
1953
6721
9466
4603
4668
3172
3011
2838
4797
1986
1319
4312
6240
5016
9401
8450
2576
243
2806
9127
1506
3327
3830
3423
2522
8989
4396
848
8482
7304
8807
3105
280
5981
1064
6508
5374
1844
7793
1430
6573
9185
1738
8303
8170
960
862
9969
9387
5993
8314
8841
4878
1597
7013
5104
5720
4577
2025
3193
8976
5110
2288
3073
2609
3323
9904
6993
6643
390
134
7516
9089
5886
3783
1861
8858
2924
1190
5367
6787
2700
8011
9916
6925
3570
3527
1108
3930
5922
4572
8381
4101
5534
7228
3415
9582
2819
2382
5418
1451
4502
1439
4181
7420
4940
8885
5737
1411
8309
4422
1273
8227
4937
6382
7380
749
8681
7286
1593
431
1421
7659
4539
7167
8957
5495
7814
1292
9763
2141
2494
9680
1407
3396
7753
3356
2146
2554
6203
6871
1999
5010
7040
6816
3017
5678
462
6552
7394
4519
4276
100
6859
2286
1416
8508
9949
4435
1052
8712
9872
827
9795
2869
4116
4153
8993
3465
1587
4953
6099
7568
9713
5948
5055
4694
799
9289
8900
7855
9078
4122
6443
5528
7900
548
6629
2887
6038
9505
9040
272
2951
6799
425
4327
9813
2612
257
3595
8622
8725
2464
8910
6879
9772
34
8135
1533
2391
787
5087
6381
6305
3950
4629
2071
7006
9771
3554
8373
248
8153
129
1040
9786
2384
810
9224
8847
6299
3503
6391
3408
7124
8223
5108
8846
6984
4234
3373
711
2690
7061
4013
9037
603
1536
9330
2116
725
859
3314
6945
4228
4379
1412
2958
5015
2949
2082
9528
3250
392
7781
9914
8019
8947
8558
8620
4804
8987
8598
2964
6078
3920
4273
1582
7205
8038
4879
4023
3088
8723
9806
9038
9342
8933
2484
8385
2358
734
2805
7139
7382
4030
6621
1007
9878
4338
2020
6227
8324
9970
2390
2072
5761
525
5377
7010
4981
3326
8062
47
7069
4261
458
1576
288
308
6424
8210
755
1984
3215
7861
941
3703
963
8443
3509
4120
4388
984
4138
4039
9286
7650
6033
3628
1216
1058
3338
6232
5297
6320
6759
6658
3799
5931
8753
6763
6906
5113
6306
9131
7827
572
3976
1146
4780
6154
6903
6127
1061
8563
9577
6511
7099
7576
8894
7250
5323
8455
3474
8033
640
7583
8857
2780
193
9815
3124
1023
4674
8799
570
6370
9070
8958
4820
1718
6524
2911
8472
4445
6939
9261
3750
9496
4169
4317
5338
53
8065
9338
3615
2032
993
9981
7142
1768
7780
7907
2269
3276
8865
2654
9508
1925
3438
2858
5572
5037
1735
4172
1179
3929
3889
5787
6011
7388
1163
1015
3204
7149
782
9548
4443
1527
1097
2707
9803
2877
6191
5894
1282
2243
529
8557
923
3806
9849
8206
3972
7695
729
5586
4571
1514
9590
497
1648
370
2797
4469
3142
1802
2426
8649
668
1340
5231
7138
4459
5788
7748
4537
4004
6668
8935
4807
2331
6170
5229
1442
242
204
5695
2172
688
8513
9470
9576
3559
1853
6628
9892
3604
3324
7851
6361
5328
3518
9824
5380
3860
9585
4005
577
7369
8736
8856
3770
3140
4187
8735
4600
9199
4247
2232
1298
9423
9284
2087
3873
7844
6439
1103
8078
6445
7520
2333
5425
1253
4157
2420
3249
6822
3210
4970
9974
5480
6244
267
4728
7342
6784
5891
7573
561
4568
2504
5355
6018
676
4057
5043
2772
6201
7726
5179
6493
6593
9345
3654
4162
3432
8264
6318
2956
1438
5975
45
2188
3425
9668
5553
5248
5469
3764
5805
3897
898
952
6372
9055
6567
6648
7610
7550
2577
9051
8623
5456
5622
8755
4538
412
4027
9059
2132
9130
3311
4288
6882
5379
6794
4408
219
2052
5548
4216
8382
4378
4409
9494
9119
5954
5803
2691
1988
8784
2085
1928
4989
4529
9103
2536
7130
4036
9231
1729
4884
3208
1194
8089
1394
4827
8343
2198
6164
2008
2273
315
8529
3878
7154
6750
181
4649
2942
4022
9788
3206
2686
9344
5659
5800
9267
643
6076
9473
4272
6576
3883
8585
6586
1638
8528
337
2458
5462
7348
5236
8618
9870
8283
7447
1508
9447
1280
2583
4563
7563
3203
5644
6416
7939
1605
8258
3741
1751
1783
6964
7049
4566
3539
365
8374
9105
7735
7277
8950
9135
8675
9615
1152
9443
4983
7074
9432
2902
2470
1671
4126
5753
1290
1719
9174
1237
2572
7789
4480
5604
5860
5759
4139
9171
915
5492
6848
580
8116
9147
1482
4913
3811
5704
6513
8692
9715
6517
7696
1305
3577
8902
875
7692
1279
2354
2167
619
5451
3202
4944
972
8054
5486
5649
500
2394
3171
1870
1226
8901
4500
703
1195
7712
2953
4337
7486
4414
9605
1646
3769
183
5130
459
5773
1368
6953
4888
6491
7778
6811
4567
6636
4358
1745
5716
5740
3183
1639
5253
6301
6936
1478
3635
5395
252
2036
5717
575
5990
4834
6894
4244
5614
2798
2208
5344
4590
673
3828
7387
8789
9041
2209
273
8128
5618
932
5146
8077
816
2217
1016
1623
555
9635
7881
6118
2934
4109
6538
1715
8653
4518
1549
5478
8356
5782
9365
5652
6776
2056
4914
2301
2251
8652
1675
1426
7412
4708
6073
6488
9569
9753
2145
3258
9957
3331
9146
5065
4998
5341
6913
2424
7477
8716
3448
224
8017
3979
6098
4910
9255
9962
634
9311
2637
471
4732
2518
4887
522
6288
4063
150
4491
5132
5454
9764
6336
2549
5913
1564
6395
3995
405
6330
4619
3700
5710
8105
5970
2430
9341
296
1827
8520
4931
410
9938
359
1198
6613
9754
7963
2521
9134
9782
2409
6007
1871
6088
3145
3321
30
298
1480
8225
1110
4201
7253
7654
2449
4086
7000
6772
9029
2070
4431
2195
7221
1338
5375
7058
844
9537
2886
8546
3822
9903
2918
4936
3433
3151
4446
6836
5396
6789
3919
1865
2163
5191
3322
847
1524
2364
8731
9393
9033
3672
2310
1604
1353
8684
8015
8213
8581
3697
9460
6072
1119
9886
3851
8233
1129
6878
3788
3674
4456
168
199
8624
6853
9990
7236
9163
5493
4967
2126
1083
25
6937
2668
660
6200
161
4094
9326
6950
2524
7413
5162
2834
4191
9314
6343
9421
1295
8090
3401
8275
4542
3587
7575
579
1220
2507
465
6519
188
7819
3476
8442